v3.0 hex words addressed
00: 6a c4 69 c8 c0 46 cc d0 45 e0 38 50 3c 50 34 50
10: d5 c4 df d0 da 5a 3d 5f 6a c4 3d d4 4b e0 42 2c
20: de 3c 4f 28 0e 4f 28 2d 55 5f 5f 72 d0 6e c8 cc
30: 4e d4 39 55 cb c8 39 55 4e 31 55 d0 2d 45 45 c4
40: 29 ce c4 3d d4 d4 4b e0 42 2c da 5a de 3c 4f 28
50: 0e 4f 28 72 10 00 00 00 00 00 00 00 00 00 00 00
60: 00 00 00 00 00 00 00 00 00 00 00 00 00 00 00 00
70: 00 00 00 00 00 00 00 00 00 00 00 00 00 00 00 00
80: 00 00 00 00 00 00 00 00 00 00 00 00 00 00 00 00
90: 00 00 00 00 00 00 00 00 00 00 00 00 00 00 00 00
a0: 00 00 00 00 00 00 00 00 00 00 00 00 00 00 00 00
b0: 00 00 00 00 00 00 00 00 00 00 00 00 00 00 00 00
c0: 00 00 00 00 00 00 00 00 00 00 00 00 00 00 00 00
d0: 00 00 00 00 00 00 00 00 00 00 00 00 00 00 00 00
e0: 00 00 00 00 00 00 00 00 00 00 00 00 00 00 00 00
f0: 00 00 00 00 00 00 00 00 00 00 00 00 00 00 00 00
